2094
1566
7426
4085
6063
5098
8640
9252
8881
1745
9168
1889
2433
4987
6893
5924
9430
8681
7957
8211
9389
6623
7946
3282
2920
328
4003
8387
3125
3125
1957
5220
4691
9383
9305
7107
833
7945
6359
6067
6042
1879
7956
8475
6866
4849
751
6297
9883
5060
4508
9272
1683
8806
2555
956
5487
2910
5695
8612
6035
7652
184
7079
3387
5841
4186
4221
139
6897
288
6181
8776
4596
1009
5642
5798
1760
8291
5681
6821
2800
1305
4856
7958
212
2164
9797
3123
7860
8410
5510
1864
4946
8941
5252
788
9479
5825
927
6376
2465
3460
1504
7061
821
7147
9211
2582
5438
1244
5755
4590
2550
6963
8901
9114
9128
8698
8589
6988
3460
4100
8852
4759
9393
456
1899
8873
6281
9178
1601
5098
2638
3106
8512
3460
6605
7723
2394
8395
8968
8149
9338
7870
1464
4591
3336
592
3289
1926
3932
3102
2378
9137
7861
1771
9593
6112
6996
2227
5290
8598
7325
7928
1704
2189
7740
4661
9913
134
3056
5233
4635
2394
9455
6100
3337
2791
3044
2979
1069
6977
6081
3447
6114
294
1571
5707
6406
8567
4286
1696
3517
7964
5976
1573
153
3717
6234
6418
203
9291
1651
1191
8037
7458
3643
1375
6602
6687
4354
7671
3664
6787
7471
6130
3433
5394
8190
6191
3961
2476
7887
3831
440
215
5404
6946
284
1639
3364
6840
7282
1368
8031
1671
8826
8026
9398
5428
4713
104
9452
4730
3243
6923
860
6676
2317
9050
2867
2630
7879
7106
2813
8319
3674
8218
5265
3958
9857
8630
798
3491
9998
5181
5162
5176
3207
913
6957
4273
1017
6409
9003
4261
3332
6215
7289
2001
1618
6509
983
9497
3615
3797
4168
3641
8367
9434
7600
8224
4416
4750
8067
766
6284
9581
5942
5843
494
2899
116
7864
5660
5471
8477
5344
8039
5766
3697
9657
2275
4681
9154
2243
4830
3322
5884
3197
9108
9836
7773
9876
939
2192
642
7223
1773
2937
3066
2268
2188
9535
132
7849
5006
8609
3193
3045
727
6891
9054
9355
7924
4560
7950
9106
4235
186
8655
3343
23
2780
3220
962
4972
214
4537
6745
3151
3955
5365
1692
3490
1849
9541
4849
458
9086
7894
7538
2329
3301
6893
6605
7861
1195
5711
2096
1381
718
5440
1404
3498
5012
8718
4822
5226
9607
7920
4730
3563
3285
6422
7053
5135
2315
1902
1945
1401
6149
9483
83
5802
2728
6688
3663
3923
8752
2112
5305
9470
3904
3061
9321
8916
8132
4143
494
7739
8415
5224
7654
1701
7998
1060
6836
313
9314
5133
8067
5463
4617
4502
7617
3697
1190
1281
3973
9942
3393
9278
5765
7297
8691
1438
2565
6823
1933
9411
915
349
988
8569
2050
8986
9629
5238
5652
8944
371
71
759
1340
4573
8377
1390
5763
6010
5363
2058
5755
993
4175
9404
9684
5613
8321
2860
7546
7732
3775
7895
8720
8696
6297
7707
8326
1535
9711
3622
8259
9782
733
9599
707
5462
989
2822
7824
6352
4880
3579
7345
5407
9335
3382
1020
7656
6242
8567
5389
6369
2814
4109
5065
9112
8168
9743
647
4231
9717
8906
4013
451
4858
4720
2265
5847
3895
90
8552
5127
21
2249
535
9357
5631
1555
3365
1873
6474
5106
8242
5641
5568
9660
4753
3736
9403
1752
7968
9121
7011
8333
5924
1869
9406
8189
4068
3301
8279
8972
8428
8301
1222
5315
4010
6853
3223
3727
5079
9697
8834
9673
1690
4402
9333
6443
4490
5089
4548
2458
4210
1559
7144
134
9780
6550
4675
3848
6203
2955
9173
983
7608
395
6299
7970
3600
9522
1697
5031
5571
6883
1057
7262
1285
390
57
5776
1831
4605
4586
6041
2516
8082
2527
2296
984
7203
2497
7187
6510
1670
4523
470
8417
822
8440
2017
6696
6489
3401
8619
3373
4458
2233
4658
1200
2291
6786
3032
3248
1373
5425
2117
9455
4305
765
440
1508
3262
3979
4370
1284
8502
4840
9701
5676
3280
8071
2372
6121
1472
7344
9494
2282
9577
4153
3482
8220
7291
6514
1469
5016
1940
9938
4472
6245
703
1264
4105
3966
1595
4827
1602
6450
9667
7656
2126
9299
5727
851
5420
3551
8195
4915
5833
7772
5420
9315
2345
2711
2182
3814
7728
474
104
8552
6719
807
6168
7176
1125
4115
2003
2728
565
8022
6736
9044
3673
2463
9895
9093
2366
4442
360
8199
2214
2132
3866
4559
1196
6048
4725
8924
2874
1181
3828
9593
1989
6348
3121
9466
463
1476
8546
7381
5850
5282
6425
9523
7745
6320
4969
6463
762
1681
1014
9328
3814
4881
240
5010
7281
1317
286
156
2499
466
6101
840
3166
5575
306
3629
3403
8853
7362
9254
4135
3787
5129
8233
6459
98
4696
3573
1780
2063
9254
1946
6944
9494
3308
577
7163
3594
7085
9662
412
9539
502
3578
1466
7161
3559
4869
6014
922
475
6501
1061
5605
4734
7521
2055
5783
7446
187
7846
6700
2133
1142
2546
5441
8071
9710
5387
5157
5724
2151
1048
2579
2081
2514
9740
5641
7383
2106
2915
4211
8607
3976
9816
9694
7849
1871
5477
5296
8411
9675
8348
544
817
895
2338
5240
6957
4077
6749
2681
2581
7797
1612
4662
6663
1352
303
399
9810
3218
4610
8418
3547
778
4464
1396
9001
9941
3044
7412
5968
1393
4309
3137
2288
2999
8377
5597
7076
5127
8278
6009
9276
9891
672
2292
7595
7327
2691
7406
6898
7301
2176
445
8079
6640
8193
7080
2933
1238
4493
5253
2631
5154
8390
1271
8153
3119
6868
5229
4598
1498
7591
227
7741
8263
2519
5337
5590
5210
9095
2488
8863
7623
9285
6942
615
7479
374
9900
5069
1219
5153
4052
6373
9895
1675
4526
3014
8543
6108
7613
6393
3699
7840
4135
8314
6711
5824
3904
1921
1271
2745
784
8894
8382
4078
9509
2213
4452
5761
7282
5672
914
1334
8397
809
3009
2924
175
7904
5384
4140
650
9083
8332
1137
7397
5043
6961
7653
6964
8232
6750
4100
3478
1485
8178
9339
3698
8983
5100
981
1007
6014
8667
9404
3175
8029
8680
3350
2285
4064
7491
2935
9499
5823
4072
3248
7219
7385
7254
4183
5617
4004
4636
5447
5489
2814
4786
5540
8149
9886
2873
9156
2252
1540
8561
5427
5921
7241
5130
8207
7658
8973
7494
7157
1148
1567
406
8367
8952
7660
8903
922
8016
3539
6369
9858
2705
7508
5398
855
7394
8271
11
9647
6163
4924
1426
2085
2166
2908
292
6176
1881
7786
3333
3030
5705
91
7749
1010
7751
6652
8284
2120
191
1005
8330
9249
8513
3728
104
5908
8351
6467
1907
866
1392
9685
2951
9910
2594
9595
6086
4475
3734
5771
3857
5791
5863
1607
6801
9966
8259
5085
2086
4803
6091
416
404
956
496
6860
6864
5199
3327
5123
6066
1071
1161
5369
981
3755
4965
3419
4582
5051
9191
4792
842
1406
2751
3996
1372
1010
9081
9811
2165
1524
6579
8921
2481
3428
5781
5697
8627
9109
7173
1045
6532
8334
6415
3866
8441
7732
7285
9375
2783
2828
4167
9977
4234
3270
3973
1959
4281
9407
1770
2798
7283
8349
1720
6116
1777
3853
8166
6757
9314
5339
7802
5847
25
569
9713
4818
8301
6998
545
7436
6179
1065
7414
413
4335
7739
8724
4968
7146
494
7767
4430
8844
5839
6898
6973
6044
5064
3730
5359
403
7885
1206
6780
8454
919
7950
6756
4269
8496
544
448
9561
7958
7214
3896
2050
5938
8865
9196
2785
2984
9978
7981
5175
6877
4954
1219
1941
5037
6578
8697
2922
7784
1829
7728
5055
9780
4484
9325
8276
1381
6125
4189
9339
9691
8085
7741
1982
3302
6938
4767
6286
3268
2748
1461
6497
4054
9033
8439
5443
5611
3488
8365
9748
5317
6094
4803
1449
6930
480
6077
8311
2958
266
4003
2649
4704
1744
4631
8006
5034
5750
4293
8303
4850
2106
4800
8905
1139
9591
4348
3103
9431
9066
2851
1101
1512
4006
2550
4794
4487
4980
3106
7445
5246
3461
6446
9950
1557
1078
7957
6592
3180
8602
1247
8031
708
2399
6936
1848
8343
7636
4951
7774
6702
4154
5227
4566
8160
7778
9361
2647
2758
2467
6444
4356
2280
2891
659
3837
321
8616
6781
3501
7218
8028
1532
4278
6780
4820
6126
5123
2457
7429
9249
5511
7935
4477
78
6096
8607
5791
5095
7717
8258
1540
2073
6890
783
2732
727
1104
7700
7509
957
4918
1889
8842
5549
8669
3662
8027
3792
2471
5457
3042
4335
3392
3871
765
5840
2478
6556
936
195
1166
8828
2268
8056
9611
1353
5135
7067
9053
8996
4376
324
886
3218
5873
9555
3233
3900
9700
5704
5709
9094
6391
5454
2965
7156
1294
1795
64
8582
1990
1230
7410
610
5638
3373
8315
7126
6792
7369
6122
1169
4045
7008
4387
6270
2916
7620
170
8968
9677
2232
4414
2420
7686
3731
5929
5332
5526
5993
3915
3868
3576
7677
830
5566
1051
9146
2692
7843
2867
8815
9012
6912
2175
9752
9534
1443
7372
6056
411
3401
8288
4825
5822
2326
4908
1751
7659
434
4096
1574
4302
7672
9251
5133
3239
6654
631
2283
850
3498
1098
6214
6762
9626
5966
6296
1069
9691
8704
7833
3092
6993
9010
5266
9319
3919
7017
6978
4353
7466
4904
5008
5138
508
6493
4729
3514
7124
7013
4364
6974
4463
579
88
4089
2897
2736
1511
2588
1440
9344
2033
8433
8354
7299
4105
8625
669
1083
2979
8135
2340
4339
9625
9200
832
4355
2714
4308
7720
7079
7634
2183
4010
7722
2625
6907
458
488
9496
8250
9832
1529
3036
4538
5180
7141
9516
5849
4576
2495
3984
6916
3186
9962
2468
370
4317
5183
4678
2037
2262
2312
572
6272
6386
9549
9531
3196
37
9027
1446
6221
6908
834
7112
2089
7975
6628
4290
8904
5475
4627
5820
8661
4589
8289
9031
8906
9824
61
7295
2086
8725
7867
4710
5111
3769
4241
4659
3806
9621
2457
28
6529
3292
7140
4970
7619
120
9261
6523
5595
3888
8696
608
8477
3337
9639
7383
3161
6052
1030
1599
4777
5249
6309
6240
9018
6902
7251
2825
2875
9708
9205
5757
9352
2697
727
6972
2817
9988
3495
8412
228
2191
9020
8705
5528
5011
2440
8689
7415
3470
288
8544
5072
2949
1136
4090
6204
8387
3267
5431
4447
2472
1188
3800
1521
1916
7124
4338
8256
619
9102
8485
9163
4474
7190
4691
5837
5983
9733
3252
5805
6373
1796
877
5675
9284
4968
8231
7671
4587
3662
8471
7060
4851
8623
4933
3119
5747
9272
1375
2718
8374
6212
1881
9201
9755
2925
5038
5738
9010
4643
1543
5383
2791
8773
1058
2076
3741
9289
6099
8328
9304
4570
1740
4155
3193
6674
3626
8940
2298
5001
8011
7024
7566
9892
6225
7321
9169
7616
9411
8179
2259
954
3563
1402
6079
973
3478
9820
6615
9578
4501
5919
500
2593
6426
3694
5619
52
8986
4269
1405
3349
1294
8971
3242
3871
2644
2411
7839
2055
591
98
9362
506
7853
5441
7831
1331
1614
4446
7261
6115
6717
7762
5060
3143
7808
7032
9547
3146
1301
953
6496
2595
9924
6090
2819
8921
4853
658
976
1796
7109
338
2302
4962
5780
134
2645
7394
932
9907
9861
7650
4021
1273
7145
8181
8305
6693
1327
9607
3998
4175
2202
274
6617
1373
9195
1471
2032
172
3267
9141
6862
1922
4103
2642
8408
6748
6388
9340
3007
2601
3342
7028
3875
6840
1561
2180
9885
9241
1787
3883
3416
342
4157
6386
1715
9705
7857
99
9877
7476
9240
6739
9398
9695
5734
7806
2796
8474
3499
2155
1076
6841
5536
4951
3681
7097
3483
3566
6338
5271
3801
6107
1965
4311
2493
32
4016
6702
132
3893
4178
5724
6984
9929
1772
9070
7735
920
7545
1234
3075
8621
4428
4963
9924
8109
2061
3407
8028
4751
5030
1829
7210
3347
2492
6055
3380
6508
2757
9864
6753
3288
5588
3738
3217
3712
9160
952
4632
6705
8539
4060
1678
2967
5375
7954
7428
3788
7714
1808
8540
2744
9990
2102
6092
2482
8158
5824
8991
915
5688
5744
555
7628
5834
3772
1341
4995
1077
2325
8052
5968
2737
6083
8935
8113
4037
2715
1901
1751
4524
6793
848
4514
8896
3292
6996
7054
9116
5987
4321
1156
8084
4877
8784
270
5001
6477
1617
2430
8803
6022
8398
1540
2105
3685
6005
2494
6401
7907
4246
925
4700
1446
1791
9948
4738
8787
7002
206
1127
7676
1362
5563
8905
6498
5833
3906
2976
7451
2689
1779
3473
1087
9671
1930
1125
5677
4424
3878
9936
5022
1155
4636
6468
2946
4585
7558
8085
7939
4116
9212
5615
5478
4775
872
1977
6961
1131
4953
764
3820
3084
4237
1259
9107
2519
2384
4784
6943
2614
4720
8318
3769
5709
1138
6715
6646
8697
4801
4585
2813
365
6553
4644
1493
3777
2973
8454
4908
4278
9218
8728
7362
9807
6340
2821
2326
5076
7606
5621
7691
8678
3939
1460
739
5078
4528
7385
127
9329
8323
9292
6046
1228
288
7539
5005
3261
2345
9914
3891
7915
4994
1253
4074
1334
4075
2752
6411
8033
8374
454
3063
8665
1914
3803
95
6442
1188
222
2123
5863
5867
4522
7091
6155
8413
2097
9417
759
8363
3308
8674
3357
914
9101
1044
1341
1853
3807
5726
227
4261
8789
5245
2527
2592
5340
8970
133
5563
7445
5996
1430
8319
9440
3937
6733
1537
9706
7492
6252
3015
2518
5961
281
1619
7005
7974
3473
812
52
52
1425
8841
5297
3953
7786
638
9275
7919
2553
6720
267
335
1392
9707
4272
8125
7596
3979
1969
3848
3346
839
9810
9979
8811
3167
7953
8636
332
8005
8688
1757
3198
338
2062
984
7328
1337
5255
9881
4410
5523
6568
5802
5230
7192
3927
2827
1171
2248
3027
869
3087
9189
848
1898
2357
5153
534
9041
9510
5575
7150
9061
5913
9213
45
3241
550
1653
9474
1312
7176
6042
7114
8758
9586
7393
1585
758
9641
965
7979
2729
154
8828
979
8863
333
1514
7904
6196
7089
5055
5257
9354
620
1654
8947
7522
3307
8421
8835
6835
815
5949
5594
401
3343
3531
7511
9336
4496
5491
8417
4651
671
9397
3514
7356
7263
7771
3552
4352
9178
8809
58
9798
6816
9005
7320
6475
7426
6155
3311
4593
8457
8905
4994
8152
2436
8858
7488
3285
4349
5906
4288
1372
5303
7802
8728
2566
1925
2281
3270
1103
7442
3328
7253
610
8685
926
7086
2463
7081
397
7056
1890
5654
8402
42
4442
7260
7531
7727
7961
3437
2015
9333
5092
6170
8062
7658
4447
6695
7280
5551
4137
6960
9156
4748
5645
82
1834
8108
3516
8583
1516
5406
4237
9918
5449
8679
7179
9332
2759
1492
9121
1126
826
4213
7296
8888
8223
1744
5583
5503
3647
6072
8815
9155
7172
4460
9238
9006
8920
2754
3941
436
4512
8178
6706
6313
3210
237
5645
2321
1730
4766
3447
2556
8979
7096
7796
3554
5192
9731
9057
8839
5803
4224
7994
2976
5036
3584
8334
3956
2690
2276
744
7203
6806
7451
3516
16
7688
5514
2337
9418
280
2137
1974
5612
9233
6122
9166
4425
5853
4576
9616
1657
8800
3962
985
3837
7547
9319
4145
237
7947
4890
3792
4754
2341
7309
1122
6381
2823
9812
5800
9455
1949
4126
5067
1182
249
586
1959
2454
5162
1575
4111
3962
5537
1448
4151
3084
768
8297
9674
5067
3187
3466
9821
1880
7127
944
8261
6302
756
413
5758
9057
4540
7177
239
1141
7763
8550
3595
2925
125
4059
3240
2014
5507
7391
1451
2627
2040
1125
7695
1579
943
7516
3459
8071
4812
8073
4373
1920
8486
6483
977
3026
13
1216
519
7776
9766
4115
7054
6243
8174
294
8258
3681
4037
9709
2661
6078
7186
356
7657
8129
4224
7469
2552
9037
5542
3278
957
380
6113
1935
3407
6126
9503
278
3903
5622
4393
7309
8217
8919
7603
6475
8953
7992
2536
1614
422
6074
1970
4432
556
6194
1901
9460
1583
3795
2738
2541
4175
8852
828
3934
4978
331
4213
5233
2305
4958
2542
523
3878
6497
3350
2831
842
5887
4445
1264
8313
6415
5696
8869
8961
3949
4682
545
4096
7420
3086
8272
2624
266
8558
3955
597
2771
9188
2903
7730
8083
3426
7960
932
6776
791
1774
9015
5236
9391
3681
8003
1439
8902
6964
1741
3584
7509
5837
1005
6947
461
9981
7213
9020
3936
4163
8143
9477
3418
5873
7560
3196
185
4844
6324
976
6619
5340
6212
2362
5373
567
3801
4275
7532
5542
7860
1393
1380
5217
4693
1841
1550
8258
7213
5487
2421
5357
4964
2191
7582
8876
5387
7768
3720
1712
8744
6691
3404
1309
5405
8777
1876
9207
3052
5760
4749
7264
7154
2481
8833
8199
675
384
6457
7888
2223
5231
9597
7187
7422
7180
2415
2810
1300
2487
4522
44
5531
7926
7705
936
3055
9582
143
2459
5342
1245
9724
8848
78
4909
7047
753
1645
3505
4994
3868
8736
4591
7407
2510
8123
9822
5320
9423
2310
6194
9468
7841
472
3525
8777
3527
3107
5273
5987
4802
6518
2063
3650
6596
6972
698
3702
4970
555
8696
8838
5643
9639
6246
8153
7763
6068
9826
3538
4730
6020
3006
2571
6493
6532
7701
20
5991
2974
6007
793
5844
8070
4444
2440
1395
1494
2494
6365
2049
7542
1555
7692
7182
7801
2197
1297
222
2023
4835
4952
8044
4194
3876
4537
7078
1577
909
3069
903
6917
215
6747
1339
1011
5539
9086
2505
4386
1803
906
1928
3359
8598
5462
1160
795
6759
1382
2819
7947
2687
7215
2141
6563
1752
5571
4492
2661
4992
1747
5930
5207
8494
3622
2570
385
2708
5075
4771
4512
5981
3052
4223
931
8514
5383
8079
1626
3118
7250
9573
2157
4465
8066
5072
2569
9989
9564
1582
4981
7663
7513
6541
2509
7487
9111
2894
6547
4187
4018
7411
6520
3422
1634
3804
1936
3370
1883
3562
6488
9133
9487
4997
3598
3905
69
6167
3894
5985
7749
8876
3648
1614
1769
6157
9101
880
5403
2001
1419
9421
9412
4292
2843
1047
8096
1132
4417
9979
1046
7257
9112
534
2254
9062
791
2323
5229
4686
8308
9330
9914
1956
7297
1683
4465
2750
8915
9868
4751
6687
9290
4164
979
8485
1563
9075
5969
5980
9054
7016
9589
4518
3902
1843
3580
4693
518
5161
5731
5178
843
1997
3486
8140
32
7951
891
8948
7819
5642
5635
3461
6158
2966
8299
7721
2041
4268
53
7447
1284
9642
8317
5186
7837
1897
6232
4707
3410
1963
9885
4253
313
3371
2394
345
7674
9637
9293
5494
1631
1280
5307
7790
598
9958
1863
2639
4227
8269
6438
1863
4263
4755
3402
2101
3004
9634
3160
2766
7949
3046
7020
8262
2769
5766
8608
444
1755
4253
2290
3386
1886
3949
7528
2484
3908
5744
1476
8135
4013
7914
9998
8276
9022
3400
6729
2026
9386
9890
1145
7336
9288
8165
5598
2057
283
558
8853
2038
4812
1143
1776
3050
5093
5657
5534
5353
1401
7010
3488
1766
4925
9838
42
299
9591
3124
2325
8977
9366
3470
2665
8654
7987
4616
7063
4622
5174
5917
3012
6338
3412
1141
9388
4857
6798
4923
210
8199
1933
50
9965
3210
9889
6359
3509
9480
5835
2187
4809
5201
2009
7475
207
6349
2091
7271
7323
7265
9540
336
9956
2952
1477
9344
4162
4627
619
4372
2826
8905
4423
9143
2115
664
1854
1977
144
4042
516
1305
5595
8877
8780
5803
1578
7223
9426
8902
841
5318
5590
797
8270
7067
6493
8784
1694
7113
3157
872
6018
3932
6367
4485
4596
4573
6462
1092
8615
3330
2397
4211
8560
7530
6366
138
4753
2144
9040
1946
7462
4630
2743
2084
8049
9237
869
6095
6350
378
3319
8720
4310
9686
3205
8906
612
6020
9998
9227
9350
2395
9790
4262
9925
2508
4401
1031
4652
9793
2977
8466
776
2073
551
8825
7662
7772
1273
364
8150
4592
9084
2460
631
2289
1366
1243
8309
1364
6822
4012
111
2965
8274
6389
1825
9027
3772
2830
8821
6749
1296
9597
5174
8199
4774
2836
5971
6047
3200
473
6992
2284
2933
3975
926
651
1570
5587
8367
4744
5951
4831
4061
4226
1220
5887
9605
4992
8717
8426
8093
6365
4375
3268
4565
5502
6104
6888
1549
9305
7362
4893
7941
6647
5220
8867
3651
6790
4455
8370
7887
406
3201
1948
984
4421
7835
6942
5765
2904
5368
3859
9270
6096
3479
3835
1598
9583
7075
9499
5240
789
745
9534
3789
5965
8401
7440
9108
9208
5810
6995
5967
5364
8943
3303
6137
6779
245
1903
9683
1966
2114
8953
8062
1945
9140
6012
7880
6216
5511
3121
7005
2608
2655
794
8574
7408
4586
7682
2969
6749
4677
8936
2113
9972
2239
8250
6751
8837
6505
2787
803
8619
8092
5217
564
3585
1229
8445
9801
3092
7918
3158
5701
6925
305
627
685
4891
8309
3654
1640
9338
2590
105
9310
1182
8356
2414
19
4861
1553
7174
9833
9645
2391
397
9582
3620
5194
9383
3064
9464
8894
8765
6389
9199
9392
7075
442
4053
7081
8435
9743
9672
8540
5406
7206
6896
7820
3577
8110
5725
751
7943
1722
3142
4692
1305
3114
9887
7040
2530
5703
5934
7648
2093
1485
3392
5520
1928
7446
2601
6715
7189
8625
5255
2595
5831
8504
6767
5760
6614
2492
6511
4557
4215
6005
5601
5520
5471
5488
2560
8002
1192
4847
5650
9637
6332
9042
1509
4612
2840
4110
1327
6382
2736
2935
5329
4919
1439
2097
680
4405
941
3543
5314
1508
9549
915
3380
5020
2756
2293
9374
300
7140
5024
9937
9824
419
1446
4437
3259
1908
2116
9641
996
5051
1323
5916
2842
9772
2948
3599
713
6491
8913
8574
2392
6181
1954
3765
8937
4247
3139
9237
7739
4516
5526
7564
4935
3324
8353
4546
5232
469
540
6229
1873
1863
8497
1067
1635
1445
4667
8700
4288
9932
7274
6681
6113
5581
446
1402
9828
9937
639
7568
4453
2517
1484
5740
5841
9837
6639
1074
306
7179
3655
8531
5394
2152
9599
3381
9949
618
2081
4237
550
5708
7270
3016
1289
4068
4418
7469
4006
1410
5037
4811
3927
2873
6904
6121
2710
3543
7195
3017
722
7202
7900
2468
9354
7499
5849
9303
8117
7930
9892
5020
3638
3515
8036
1279
7583
8806
8749
7941
216
138
2753
496
3012
9657
6617
5722
3200
3812
5091
274
7366
2992
2742
6720
6843
8591
2375
4961
2873
8619
6333
2864
2134
4369
4143
6070
3175
2892
4011
9744
9383
6764
240
2395
2773
6857
8117
2325
7021
9561
2599
4387
2553
1693
7459
5748
6636
6186
7061
9510
4805
3394
2374
3292
4115
2869
9362
3643
2114
3373
3387
1497
6490
9979
3892
9263
6836
8361
7941
209
7922
6892
948
6827
8586
4759
2576
5222
945
9637
1084
5750
3032
9810
9042
3499
2680
8404
7142
1146
8130
529
2643
4620
508
2887
235
3696
1248
8176
257
5523
5069
1205
8702
7
5964
1278
5229
3261
7268
2666
9012
6652
8828
4406
151
1508
9163
7294
9006
3645
4175
1649
8265
1036
888
8500
1084
8489
6677
1342
4012
8098
8899
2714
8105
1216
345
9686
4477
7613
2352
9841
617
1181
600
768
9041
9763
4414
4400
3408
8590
6049
8025
9626
3290
6525
7062
1779
9554
8404
5791
4004
7304
4857
2109
8520
5202
1796
9349
9167
500
9191
9784
8033
9791
553
3427
5906
4967
7827
5666
9909
3876
3691
5887
3518
6568
2950
5297
2475
7706
1088
6479
5010
5946
8589
9882
7500
6737
5584
6668
7237
4775
6452
5271
918
3357
5050
6824
4677
2877
2490
938
3105
2533
6826
6624
9101
6128
1921
7928
3834
3010
4408
5197
5308
2997
1431
9160
6086
7015
2180
3323
8142
4985
4946
9060
8342
9996
2236
9371
2873
1078
310
2331
3611
3488
8955
9065
9616
876
6993
9802
238
7753
1351
1898
7102
2783
1059
3188
6150
3239
2864
645
8224
7810
6057
2919
4159
8294
2290
3384
5724
8952
5715
5688
2440
1022
4753
8408
1899
8098
4563
8489
5852
5914
388
2954
5049
7799
2495
1200
7390
5359
1845
1967
9521
7902
1238
3680
2548
9880
3417
8273
8833
9132
313
7625
6507
5066
6034
8406
9516
6949
6895
1720
2863
3635
1027
7913
7786
3522
5465
5177
8881
7310
7144
8402
1564
8382
8435
465
8262
1852
5090
3447
7336
5403
1073
3843
6821
3459
8601
2689
408
1849
4410
9623
5484
5437
7536
3271
8959
3001
4800
4192
6663
8296
8946
4580
3030
7381
1397
7644
5585
6487
1092
2922
8242
8517
3117
1415
1976
1719
4104
8736
3568
8514
8359
5404
3951
2248
5027
9262
1601
9827
9806
4617
8123
8753
9197
1153
6134
594
8798
1720
3433
9890
994
8027
4759
4111
9442
6735
2182
3546
1823
2102
8413
6534
7507
8716
8782
2534
4331
6736
2362
4137
1353
485
2890
550
7991
5377
7496
6789
7097
7281
3031
4443
1660
7790
4906
1102
877
7089
1000
9052
9191
5765
5586
3050
4482
721
5585
8813
7457
7947
2950
5162
4784
2193
2064
9127
7570
9560
5916
1019
3193
5299
5462
4853
9441
6720
2307
6670
3809
9659
5722
9353
5425
7661
2403
9907
4734
7988
5072
8543
2287
4374
3705
3424
6567
5769
2551
4137
1681
4820
5156
4874
6471
6970
6079
5913
3691
4738
2583
3852
4397
4658
3205
6174
2319
1961
2433
7053
6301
7505
5596
4941
8232
5653
8365
4799
1422
7268
5289
3103
8440
6797
4329
4912
3768
6760
7177
3811
1498
6112
7663
2247
770
7221
8422
9441
5534
855
2846
1835
4713
4794
6776
2945
447
1493
4096
1869
8762
9385
1324
3554
6183
2005
4818
6303
8765
1995
114
6615
4460
4129
8863
1582
7702
3637
1024
9588
844
222
1424
5557
5017
4552
4854
1816
6046
8951
38
1160
4688
1362
4714
871
9720
5885
3526
8485
7880
9992
1453
2340
474
316
3923
8176
3953
1299
4117
4797
7873
5541
6707
2890
6445
1561
1059
2491
6864
1097
3
1553
8811
1070
8776
8531
6955
2303
3369
1187
2295
4822
9880
2769
1490
3803
7298
5443
1454
1415
6592
9327
3308
9651
8570
9753
7565
5981
8597
4429
7078
8600
2334
2241
6022
1111
773
2977
3414
494
4165
2061
5316
4045
4831
6806
4200
2129
8601
2006
9896
1545
7685
3204
1197
2607
2957
5114
8588
1554
5895
2018
6507
8230
4260
2529
5693
1385
5507
9107
1879
6024
1168
7195
69
2351
353
621
832
5306
8979
728
6851
6664
3932
4400
9272
6890
9514
4212
4796
5410
6231
1303
9992
491
3833
5685
8228
5692
1144
107
1716
8664
3654
8137
1016
359
8758
1848
5665
7737
2577
2516
753
2861
3269
6377
9751
2783
590
900
4545
6821
2203
889
3664
6036
6574
1892
1728
7718
8351
9796
6383
8357
7933
3751
8716
3043
5599
4381
780
4528
3249
7886
7390
6518
4263
3493
5654
4853
4393
199
8026
6597
1089
8042
8985
4015
6286
7066
8086
4637
6862
4469
2994
4796
8220
1710
7839
171
2443
4972
4700
5693
9210
8442
2211
3473
1935
7865
8327
2681
4417
2705
9278
1858
748
4615
2225
7034
1681
311
8024
4896
1132
7370
9692
5704
5433
3883
5876
7876
5207
6928
3569
4417
1722
2133
7891
3657
6350
2570
6338
7119
1627
1968
8977
2375
2936
7555
5762
4617
7866
138
9513
8999
7508
5557
1055
2941
5793
6931
818
1000
211
739
5418
1933
2872
9661
1943
5575
8583
4633
2694
210
2954
8024
8938
5890
5579
1052
6859
3445
1190
2725
8796
8698
8282
9852
1640
4075
3135
8810
1428
9699
9549
3198
7984
8774
2859
9927
4349
7794
913
7043
8004
219
1419
3294
6109
6998
4346
9320
6796
5536
2045
1944
587
328
1796
2227
755
1284
1037
2183
983
586
5381
8967
5712
4592
5247
61
2386
2512
3457
6743
2731
4876
6389
8840
8227
736
8160
5023
2624
6558
6967
3211
6886
5116
1790
3993
6400
2827
2529
3735
9766
4262
2702
1830
8855
4301
1892
7593
6813
1701
688
9544
2929
7078
4736
1156
4166
9249
2531
3142
5807
5851
2706
9045
967
4496
3038
3719
3676
1919
7454
9794
6182
6508
1624
1389
810
9868
8982
7623
1569
6023
3520
4499
9453
8256
2007
3619
7505
4539
3113
9664
390
5819
8709
7709
316
8100
7780
3992
19
5234
138
2553
8094
1762
3942
5256
7983
9277
2880
9552
5300
2752
403
4753
1008
2411
4724
4866
3302
7837
4530
44
3657
9592
7753
325
7692
5533
669
4063
7119
807
6617
5213
8921
559
6822
3256
6188
9702
9161
1488
8806
9564
2593
9814
8327
3669
1032
7981
1507
5563
8025
1516
1507
2130
8193
9199
7663
8862
3262
1134
6021
9879
2700
1294
6791
9522
4551
2979
5576
3712
820
4382
3276
9765
548
7956
3435
1581
5937
1294
3496
315
2810
5003
2445
7355
554
6461
6217
3816
7595
2238
48
6647
3532
3191
6169
4435
2522
1745
8147
3342
2479
1424
3108
3028
5732
6543
961
8021
4189
809
8336
3351
2164
7134
706
2718
3595
6923
2886
1190
5513
9286
7838
5397
8829
359
9833
1352
8457
4332
4694
936
5756
4154
316
7840
7049
1277
5862
1238
8438
550
941
602
7684
1647
9672
1279
4922
8911
8822
6787
8197
3012
8537
7027
3371
4722
4731
1828
9054
9425
9117
1163
9932
9433
9003
3333
7063
1217
924
5501
1768
1865
2456
9452
3513
2128
732
8435
1039
5906
1575
5589
8918
112
2616
8641
4834
7347
6822
3888
3124
5939
5051
9408
5372
407
2742
2435
1624
3666
4289
3392
5531
6745
9197
5396
5225
6281
184
6265
2187
1759
1854
7457
1871
822
6098
3057
4521
2920
6945
3997
8859
8349
9758
584
8756
2500
9371
380
2518
3660
125
4401
6757
9322
9798
1983
5603
6334
8248
7790
8093
6454
1599
9964
3628
7697
3021
4501
6970
6318
8498
5829
4667
8256
2765
9775
7108
2137
6508
