3
7
11
13
16
19
20
21
23
25
28
32
37
38
42
44
45
48
50
52
53
57
58
61
64
69
71
78
82
83
88
90
91
95
98
99
104
105
107
111
112
114
116
120
125
127
132
133
134
138
139
143
144
151
153
154
156
170
171
172
175
184
185
186
187
191
195
199
203
206
207
209
210
211
212
214
215
216
219
222
227
228
235
237
238
239
240
245
249
257
266
267
270
274
278
280
281
283
284
286
288
292
294
299
300
303
305
306
310
311
313
315
316
321
324
325
328
331
332
333
335
336
338
342
345
349
353
356
359
360
364
365
370
371
374
378
380
384
385
388
390
395
397
399
401
403
404
406
407
408
411
412
413
416
419
422
434
436
440
442
444
445
446
447
448
451
454
456
458
461
463
465
466
469
470
472
473
474
475
480
485
488
491
494
496
500
502
506
508
516
518
519
523
529
534
535
540
544
545
548
550
551
553
554
555
556
558
559
564
565
567
569
572
577
579
584
586
587
590
591
592
594
597
598
600
602
608
610
612
615
617
618
619
620
621
627
631
638
639
642
645
647
650
651
658
659
664
669
671
672
675
680
685
688
698
703
706
707
708
713
718
721
722
727
728
732
733
736
739
744
745
748
751
753
755
756
758
759
762
764
765
766
768
770
773
776
778
780
783
784
788
789
791
793
794
795
797
798
803
807
809
810
812
815
817
818
820
821
822
826
828
830
832
833
834
839
840
841
842
843
844
848
850
851
855
860
866
869
871
872
876
877
880
886
888
889
891
895
900
903
906
909
913
914
915
918
919
920
922
924
925
926
927
931
932
936
938
939
941
943
944
945
948
952
953
954
956
957
961
962
965
967
973
976
977
979
981
983
984
985
988
989
993
994
996
1000
1005
1007
1008
1009
1010
1011
1014
1016
1017
1019
1020
1022
1024
1027
1030
1031
1032
1036
1037
1039
1044
1045
1046
1047
1048
1051
1052
1055
1057
1058
1059
1060
1061
1065
1067
1069
1070
1071
1073
1074
1076
1077
1078
1083
1084
1087
1088
1089
1092
1097
1098
1101
1102
1103
1104
1111
1122
1125
1126
1127
1131
1132
1134
1136
1137
1138
1139
1141
1142
1143
1144
1145
1146
1148
1153
1155
1156
1160
1161
1163
1166
1168
1169
1171
1181
1182
1187
1188
1190
1191
1192
1195
1196
1197
1200
1205
1206
1216
1217
1219
1220
1222
1228
1229
1230
1234
1238
1243
1244
1245
1247
1248
1253
1259
1264
1271
1273
1277
1278
1279
1280
1281
1284
1285
1289
1294
1296
1297
1299
1300
1301
1303
1305
1309
1312
1317
1323
1324
1327
1331
1334
1337
1339
1340
1341
1342
1351
1352
1353
1362
1364
1366
1368
1372
1373
1375
1380
1381
1382
1385
1389
1390
1392
1393
1395
1396
1397
1401
1402
1404
1405
1406
1410
1415
1419
1422
1424
1425
1426
1428
1430
1431
1438
1439
1440
1443
1445
1446
1448
1449
1451
1453
1454
1460
1461
1464
1466
1469
1471
1472
1476
1477
1484
1485
1488
1490
1492
1493
1494
1497
1498
1504
1507
1508
1509
1511
1512
1514
1516
1521
1524
1529
1532
1535
1537
1540
1543
1545
1549
1550
1553
1554
1555
1557
1559
1561
1563
1564
1566
1567
1569
1570
1571
1573
1574
1575
1577
1578
1579
1581
1582
1583
1585
1595
1598
1599
1601
1602
1607
1612
1614
1617
1618
1619
1624
1626
1627
1631
1634
1635
1639
1640
1645
1647
1649
1651
1653
1654
1657
1660
1670
1671
1675
1678
1681
1683
1690
1692
1693
1694
1696
1697
1701
1704
1710
1712
1715
1716
1719
1720
1722
1728
1730
1740
1741
1744
1745
1747
1751
1752
1755
1757
1759
1760
1762
1766
1768
1769
1770
1771
1772
1773
1774
1776
1777
1779
1780
1787
1790
1791
1795
1796
1803
1808
1816
1823
1825
1828
1829
1830
1831
1834
1835
1841
1843
1845
1848
1849
1852
1853
1854
1858
1863
1864
1865
1869
1871
1873
1876
1879
1880
1881
1883
1886
1889
1890
1892
1897
1898
1899
1901
1902
1903
1907
1908
1914
1916
1919
1920
1921
1922
1925
1926
1928
1930
1933
1935
1936
1940
1941
1943
1944
1945
1946
1948
1949
1954
1956
1957
1959
1961
1963
1965
1966
1967
1968
1969
1970
1974
1976
1977
1982
1983
1989
1990
1995
1997
2001
2003
2005
2006
2007
2009
2014
2015
2017
2018
2023
2026
2032
2033
2037
2038
2040
2041
2045
2049
2050
2055
2057
2058
2061
2062
2063
2064
2073
2076
2081
2084
2085
2086
2089
2091
2093
2094
2096
2097
2101
2102
2105
2106
2109
2112
2113
2114
2115
2116
2117
2120
2123
2126
2128
2129
2130
2132
2133
2134
2137
2141
2144
2151
2152
2155
2157
2164
2165
2166
2175
2176
2180
2182
2183
2187
2188
2189
2191
2192
2193
2197
2202
2203
2211
2213
2214
2223
2225
2227
2232
2233
2236
2238
2239
2241
2243
2247
2248
2249
2252
2254
2259
2262
2265
2268
2275
2276
2280
2281
2282
2283
2284
2285
2287
2288
2289
2290
2291
2292
2293
2295
2296
2298
2302
2303
2305
2307
2310
2312
2315
2317
2319
2321
2323
2325
2326
2329
2331
2334
2337
2338
2340
2341
2345
2351
2352
2357
2362
2366
2372
2374
2375
2378
2384
2386
2391
2392
2394
2395
2397
2399
2403
2411
2414
2415
2420
2421
2430
2433
2435
2436
2440
2443
2445
2454
2456
2457
2458
2459
2460
2463
2465
2467
2468
2471
2472
2475
2476
2478
2479
2481
2482
2484
2487
2488
2490
2491
2492
2493
2494
2495
2497
2499
2500
2505
2508
2509
2510
2512
2514
2516
2517
2518
2519
2522
2527
2529
2530
2531
2533
2534
2536
2541
2542
2546
2548
2550
2551
2552
2553
2555
2556
2560
2565
2566
2569
2570
2571
2576
2577
2579
2581
2582
2583
2588
2590
2592
2593
2594
2595
2599
2601
2607
2608
2614
2616
2624
2625
2627
2630
2631
2638
2639
2642
2643
2644
2645
2647
2649
2655
2661
2665
2666
2680
2681
2687
2689
2690
2691
2692
2694
2697
2700
2702
2705
2706
2708
2710
2711
2714
2715
2718
2725
2728
2729
2731
2732
2736
2737
2738
2742
2743
2744
2745
2748
2750
2751
2752
2753
2754
2756
2757
2758
2759
2765
2766
2769
2771
2773
2780
2783
2785
2787
2791
2796
2798
2800
2810
2813
2814
2817
2819
2821
2822
2823
2825
2826
2827
2828
2830
2831
2836
2840
2842
2843
2846
2851
2859
2860
2861
2863
2864
2867
2869
2872
2873
2874
2875
2877
2880
2886
2887
2890
2891
2892
2894
2897
2899
2903
2904
2908
2910
2915
2916
2919
2920
2922
2924
2925
2929
2933
2935
2936
2937
2941
2945
2946
2948
2949
2950
2951
2952
2954
2955
2957
2958
2965
2966
2967
2969
2973
2974
2976
2977
2979
2984
2992
2994
2997
2999
3001
3004
3006
3007
3009
3010
3012
3014
3015
3016
3017
3021
3026
3027
3028
3030
3031
3032
3036
3038
3042
3043
3044
3045
3046
3050
3052
3055
3056
3057
3061
3063
3064
3066
3069
3075
3084
3086
3087
3092
3102
3103
3105
3106
3107
3108
3113
3114
3117
3118
3119
3121
3123
3124
3125
3135
3137
3139
3142
3143
3146
3151
3157
3158
3160
3161
3166
3167
3175
3180
3186
3187
3188
3191
3193
3196
3197
3198
3200
3201
3204
3205
3207
3210
3211
3217
3218
3220
3223
3233
3239
3240
3241
3242
3243
3248
3249
3252
3256
3259
3261
3262
3267
3268
3269
3270
3271
3276
3278
3280
3282
3285
3288
3289
3290
3292
3294
3301
3302
3303
3307
3308
3311
3319
3322
3323
3324
3327
3328
3330
3332
3333
3336
3337
3342
3343
3346
3347
3349
3350
3351
3357
3359
3364
3365
3369
3370
3371
3373
3380
3381
3382
3384
3386
3387
3392
3393
3394
3400
3401
3402
3403
3404
3407
3408
3410
3412
3414
3416
3417
3418
3419
3422
3424
3426
3427
3428
3433
3435
3437
3445
3447
3457
3459
3460
3461
3466
3470
3473
3478
3479
3482
3483
3486
3488
3490
3491
3493
3495
3496
3498
3499
3501
3505
3509
3513
3514
3515
3516
3517
3518
3520
3522
3525
3526
3527
3531
3532
3538
3539
3543
3546
3547
3551
3552
3554
3559
3562
3563
3566
3568
3569
3573
3576
3577
3578
3579
3580
3584
3585
3594
3595
3598
3599
3600
3611
3615
3619
3620
3622
3626
3628
3629
3635
3637
3638
3641
3643
3645
3647
3648
3650
3651
3654
3655
3657
3660
3662
3663
3664
3666
3669
3673
3674
3676
3680
3681
3685
3691
3694
3696
3697
3698
3699
3702
3705
3712
3717
3719
3720
3727
3728
3730
3731
3734
3735
3736
3738
3741
3751
3755
3765
3768
3769
3772
3775
3777
3787
3788
3789
3792
3795
3797
3800
3801
3803
3804
3806
3807
3809
3811
3812
3814
3816
3820
3828
3831
3833
3834
3835
3837
3843
3848
3852
3853
3857
3859
3866
3868
3871
3875
3876
3878
3883
3888
3891
3892
3893
3894
3895
3896
3900
3902
3903
3904
3905
3906
3908
3915
3919
3923
3927
3932
3934
3936
3937
3939
3941
3942
3949
3951
3953
3955
3956
3958
3961
3962
3966
3973
3975
3976
3979
3984
3992
3993
3996
3997
3998
4003
4004
4006
4010
4011
4012
4013
4015
4016
4018
4021
4037
4042
4045
4052
4053
4054
4059
4060
4061
4063
4064
4068
4072
4074
4075
4077
4078
4085
4089
4090
4096
4100
4103
4104
4105
4109
4110
4111
4115
4116
4117
4126
4129
4135
4137
4140
4143
4145
4151
4153
4154
4155
4157
4159
4162
4163
4164
4165
4166
4167
4168
4175
4178
4183
4186
4187
4189
4192
4194
4200
4210
4211
4212
4213
4215
4221
4223
4224
4226
4227
4231
4234
4235
4237
4241
4246
4247
4253
4260
4261
4262
4263
4268
4269
4272
4273
4275
4278
4281
4286
4288
4289
4290
4292
4293
4301
4302
4305
4308
4309
4310
4311
4317
4321
4329
4331
4332
4335
4338
4339
4346
4348
4349
4352
4353
4354
4355
4356
4364
4369
4370
4372
4373
4374
4375
4376
4381
4382
4386
4387
4393
4397
4400
4401
4402
4405
4406
4408
4410
4414
4416
4417
4418
4421
4423
4424
4425
4428
4429
4430
4432
4435
4437
4442
4443
4444
4445
4446
4447
4452
4453
4455
4458
4460
4463
4464
4465
4469
4472
4474
4475
4477
4482
4484
4485
4487
4490
4492
4493
4496
4499
4501
4502
4508
4512
4514
4516
4518
4521
4522
4523
4524
4526
4528
4530
4537
4538
4539
4540
4545
4546
4548
4551
4552
4557
4559
4560
4563
4565
4566
4570
4573
4576
4580
4582
4585
4586
4587
4589
4590
4591
4592
4593
4596
4598
4605
4610
4612
4615
4616
4617
4620
4622
4627
4630
4631
4632
4633
4635
4636
4637
4643
4644
4651
4652
4658
4659
4661
4662
4667
4675
4677
4678
4681
4682
4686
4688
4691
4692
4693
4694
4696
4700
4704
4707
4710
4713
4714
4720
4722
4724
4725
4729
4730
4731
4734
4736
4738
4744
4748
4749
4750
4751
4753
4754
4755
4759
4766
4767
4771
4774
4775
4777
4784
4786
4792
4794
4796
4797
4799
4800
4801
4802
4803
4805
4809
4811
4812
4818
4820
4822
4825
4827
4830
4831
4834
4835
4840
4844
4847
4849
4850
4851
4853
4854
4856
4857
4858
4861
4866
4869
4874
4876
4877
4880
4881
4890
4891
4893
4896
4904
4906
4908
4909
4912
4915
4918
4919
4922
4923
4924
4925
4933
4935
4941
4946
4951
4952
4953
4954
4958
4961
4962
4963
4964
4965
4967
4968
4969
4970
4972
4978
4980
4981
4985
4987
4992
4994
4995
4997
5001
5003
5005
5006
5008
5010
5011
5012
5016
5017
5020
5022
5023
5024
5027
5030
5031
5034
5036
5037
5038
5043
5049
5050
5051
5055
5060
5064
5065
5066
5067
5069
5072
5075
5076
5078
5079
5085
5089
5090
5091
5092
5093
5095
5098
5100
5106
5111
5114
5116
5123
5127
5129
5130
5133
5135
5138
5153
5154
5156
5157
5161
5162
5174
5175
5176
5177
5178
5180
5181
5183
5186
5192
5194
5197
5199
5201
5202
5207
5210
5213
5217
5220
5222
5224
5225
5226
5227
5229
5230
5231
5232
5233
5234
5236
5238
5240
5245
5246
5247
5249
5252
5253
5255
5256
5257
5265
5266
5271
5273
5282
5289
5290
5296
5297
5299
5300
5303
5305
5306
5307
5308
5314
5315
5316
5317
5318
5320
5329
5332
5337
5339
5340
5342
5344
5353
5357
5359
5363
5364
5365
5368
5369
5372
5373
5375
5377
5381
5383
5384
5387
5389
5394
5396
5397
5398
5403
5404
5405
5406
5407
5410
5418
5420
5425
5427
5428
5431
5433
5437
5438
5440
5441
5443
5447
5449
5454
5457
5462
5463
5465
5471
5475
5477
5478
5484
5487
5488
5489
5491
5494
5501
5502
5503
5507
5510
5511
5513
5514
5520
5523
5526
5528
5531
5533
5534
5536
5537
5539
5540
5541
5542
5549
5551
5557
5563
5566
5568
5571
5575
5576
5579
5581
5583
5584
5585
5586
5587
5588
5589
5590
5594
5595
5596
5597
5598
5599
5601
5603
5605
5611
5612
5613
5615
5617
5619
5621
5622
5631
5635
5638
5641
5642
5643
5645
5650
5652
5653
5654
5657
5660
5665
5666
5672
5675
5676
5677
5681
5685
5688
5692
5693
5695
5696
5697
5701
5703
5704
5705
5707
5708
5709
5711
5712
5715
5722
5724
5725
5726
5727
5731
5732
5734
5738
5740
5744
5747
5748
5750
5755
5756
5757
5758
5760
5761
5762
5763
5765
5766
5769
5771
5776
5780
5781
5783
5791
5793
5798
5800
5802
5803
5805
5807
5810
5819
5820
5822
5823
5824
5825
5829
5831
5833
5834
5835
5837
5839
5840
5841
5843
5844
5847
5849
5850
5851
5852
5853
5862
5863
5867
5873
5876
5884
5885
5887
5890
5895
5906
5908
5913
5914
5916
5917
5919
5921
5924
5929
5930
5934
5937
5938
5939
5942
5946
5949
5951
5961
5964
5965
5966
5967
5968
5969
5971
5976
5980
5981
5983
5985
5987
5991
5993
5996
6005
6007
6009
6010
6012
6014
6018
6020
6021
6022
6023
6024
6034
6035
6036
6041
6042
6044
6046
6047
6048
6049
6052
6055
6056
6057
6063
6066
6067
6068
6070
6072
6074
6077
6078
6079
6081
6083
6086
6090
6091
6092
6094
6095
6096
6098
6099
6100
6101
6104
6107
6108
6109
6112
6113
6114
6115
6116
6121
6122
6125
6126
6128
6130
6134
6137
6149
6150
6155
6157
6158
6163
6167
6168
6169
6170
6174
6176
6179
6181
6182
6183
6186
6188
6191
6194
6196
6203
6204
6212
6214
6215
6216
6217
6221
6225
6229
6231
6232
6234
6240
6242
6243
6245
6246
6252
6265
6270
6272
6281
6284
6286
6296
6297
6299
6301
6302
6303
6309
6313
6318
6320
6324
6332
6333
6334
6338
6340
6348
6349
6350
6352
6359
6365
6366
6367
6369
6373
6376
6377
6381
6382
6383
6386
6388
6389
6391
6393
6400
6401
6406
6409
6411
6415
6418
6422
6425
6426
6438
6442
6443
6444
6445
6446
6450
6452
6454
6457
6459
6461
6462
6463
6467
6468
6471
6474
6475
6477
6479
6483
6487
6488
6489
6490
6491
6493
6496
6497
6498
6501
6505
6507
6508
6509
6510
6511
6514
6518
6520
6523
6525
6529
6532
6534
6541
6543
6547
6550
6553
6556
6558
6563
6567
6568
6574
6578
6579
6592
6596
6597
6602
6605
6614
6615
6617
6619
6623
6624
6628
6636
6639
6640
6646
6647
6652
6654
6663
6664
6668
6670
6674
6676
6677
6681
6687
6688
6691
6693
6695
6696
6700
6702
6705
6706
6707
6711
6715
6717
6719
6720
6729
6733
6735
6736
6737
6739
6743
6745
6747
6748
6749
6750
6751
6753
6756
6757
6759
6760
6762
6764
6767
6776
6779
6780
6781
6786
6787
6789
6790
6791
6792
6793
6796
6797
6798
6801
6806
6813
6816
6821
6822
6823
6824
6826
6827
6835
6836
6840
6841
6843
6851
6853
6857
6859
6860
6862
6864
6866
6868
6877
6883
6886
6888
6890
6891
6892
6893
6895
6896
6897
6898
6902
6904
6907
6908
6912
6916
6917
6923
6925
6928
6930
6931
6936
6938
6942
6943
6944
6945
6946
6947
6949
6955
6957
6960
6961
6963
6964
6967
6970
6972
6973
6974
6977
6978
6984
6988
6992
6993
6995
6996
6998
7002
7005
7008
7010
7011
7013
7015
7016
7017
7020
7021
7024
7027
7028
7032
7034
7040
7043
7047
7049
7053
7054
7056
7060
7061
7062
7063
7066
7067
7075
7076
7078
7079
7080
7081
7085
7086
7089
7091
7096
7097
7102
7106
7107
7108
7109
7112
7113
7114
7119
7124
7126
7127
7134
7140
7141
7142
7144
7145
7146
7147
7150
7154
7156
7157
7161
7163
7172
7173
7174
7176
7177
7179
7180
7182
7186
7187
7189
7190
7192
7195
7202
7203
7206
7210
7213
7214
7215
7218
7219
7221
7223
7237
7241
7250
7251
7253
7254
7257
7260
7261
7262
7263
7264
7265
7268
7270
7271
7274
7280
7281
7282
7283
7285
7289
7291
7294
7295
7296
7297
7298
7299
7301
7304
7309
7310
7320
7321
7323
7325
7327
7328
7336
7344
7345
7347
7355
7356
7362
7366
7369
7370
7372
7381
7383
7385
7390
7391
7393
7394
7397
7406
7407
7408
7410
7411
7412
7414
7415
7420
7422
7426
7428
7429
7436
7440
7442
7445
7446
7447
7451
7454
7457
7458
7459
7462
7466
7469
7471
7475
7476
7479
7487
7488
7491
7492
7494
7496
7499
7500
7505
7507
7508
7509
7511
7513
7516
7521
7522
7528
7530
7531
7532
7536
7538
7539
7542
7545
7546
7547
7555
7558
7560
7564
7565
7566
7568
7570
7582
7583
7591
7593
7595
7596
7600
7603
7606
7608
7613
7616
7617
7619
7620
7623
7625
7628
7634
7636
7644
7648
7650
7652
7653
7654
7656
7657
7658
7659
7660
7661
7662
7663
7671
7672
7674
7676
7677
7682
7684
7685
7686
7688
7691
7692
7695
7697
7700
7701
7702
7705
7706
7707
7709
7714
7717
7718
7720
7721
7722
7723
7727
7728
7730
7732
7735
7737
7739
7740
7741
7745
7749
7751
7753
7762
7763
7767
7768
7771
7772
7773
7774
7776
7778
7780
7784
7786
7790
7794
7796
7797
7799
7801
7802
7806
7808
7810
7819
7820
7824
7827
7831
7833
7835
7837
7838
7839
7840
7841
7843
7846
7849
7853
7857
7860
7861
7864
7865
7866
7867
7870
7873
7876
7879
7880
7885
7886
7887
7888
7891
7894
7895
7900
7902
7904
7907
7913
7914
7915
7918
7919
7920
7922
7924
7926
7928
7930
7933
7935
7939
7941
7943
7945
7946
7947
7949
7950
7951
7953
7954
7956
7957
7958
7960
7961
7964
7968
7970
7974
7975
7979
7981
7983
7984
7987
7988
7991
7992
7994
7998
8002
8003
8004
8005
8006
8011
8016
8021
8022
8024
8025
8026
8027
8028
8029
8031
8033
8036
8037
8039
8042
8044
8049
8052
8056
8062
8066
8067
8070
8071
8073
8079
8082
8083
8084
8085
8086
8092
8093
8094
8096
8098
8100
8105
8108
8109
8110
8113
8117
8123
8125
8129
8130
8132
8135
8137
8140
8142
8143
8147
8149
8150
8152
8153
8158
8160
8165
8166
8168
8174
8176
8178
8179
8181
8189
8190
8193
8195
8197
8199
8207
8211
8217
8218
8220
8223
8224
8227
8228
8230
8231
8232
8233
8242
8248
8250
8256
8258
8259
8261
8262
8263
8265
8269
8270
8271
8272
8273
8274
8276
8278
8279
8282
8284
8288
8289
8291
8294
8296
8297
8299
8301
8303
8305
8308
8309
8311
8313
8314
8315
8317
8318
8319
8321
8323
8326
8327
8328
8330
8332
8333
8334
8336
8342
8343
8348
8349
8351
8353
8354
8356
8357
8359
8361
8363
8365
8367
8370
8374
8377
8382
8387
8390
8395
8397
8398
8401
8402
8404
8406
8408
8410
8411
8412
8413
8415
8417
8418
8421
8422
8426
8428
8433
8435
8438
8439
8440
8441
8442
8445
8454
8457
8466
8471
8474
8475
8477
8485
8486
8489
8494
8496
8497
8498
8500
8502
8504
8512
8513
8514
8517
8520
8531
8537
8539
8540
8543
8544
8546
8550
8552
8558
8560
8561
8567
8569
8570
8574
8582
8583
8586
8588
8589
8590
8591
8597
8598
8600
8601
8602
8607
8608
8609
8612
8615
8616
8619
8621
8623
8625
8627
8630
8636
8640
8641
8654
8655
8661
8664
8665
8667
8669
8674
8678
8679
8680
8681
8685
8688
8689
8691
8696
8697
8698
8700
8702
8704
8705
8709
8716
8717
8718
8720
8724
8725
8728
8736
8744
8749
8752
8753
8756
8758
8762
8765
8773
8774
8776
8777
8780
8782
8784
8787
8789
8796
8798
8800
8803
8806
8809
8810
8811
8813
8815
8821
8822
8825
8826
8828
8829
8833
8834
8835
8837
8838
8839
8840
8841
8842
8844
8848
8852
8853
8855
8858
8859
8862
8863
8865
8867
8869
8873
8876
8877
8881
8888
8894
8896
8899
8901
8902
8903
8904
8905
8906
8911
8913
8915
8916
8918
8919
8920
8921
8924
8935
8936
8937
8938
8940
8941
8943
8944
8946
8947
8948
8951
8952
8953
8955
8959
8961
8967
8968
8970
8971
8972
8973
8977
8979
8982
8983
8985
8986
8991
8996
8999
9001
9003
9005
9006
9010
9012
9015
9018
9020
9022
9027
9031
9033
9037
9040
9041
9042
9044
9045
9050
9052
9053
9054
9057
9060
9061
9062
9065
9066
9070
9075
9081
9083
9084
9086
9093
9094
9095
9101
9102
9106
9107
9108
9109
9111
9112
9114
9116
9117
9121
9127
9128
9132
9133
9137
9140
9141
9143
9146
9154
9155
9156
9160
9161
9163
9166
9167
9168
9169
9173
9178
9188
9189
9191
9195
9196
9197
9199
9200
9201
9205
9207
9208
9210
9211
9212
9213
9218
9227
9233
9237
9238
9240
9241
9249
9251
9252
9254
9261
9262
9263
9270
9272
9275
9276
9277
9278
9284
9285
9286
9288
9289
9290
9291
9292
9293
9299
9303
9304
9305
9310
9314
9315
9319
9320
9321
9322
9325
9327
9328
9329
9330
9332
9333
9335
9336
9338
9339
9340
9344
9349
9350
9352
9353
9354
9355
9357
9361
9362
9366
9371
9374
9375
9383
9385
9386
9388
9389
9391
9392
9393
9397
9398
9403
9404
9406
9407
9408
9411
9412
9417
9418
9421
9423
9425
9426
9430
9431
9433
9434
9440
9441
9442
9452
9453
9455
9460
9464
9466
9468
9470
9474
9477
9479
9480
9483
9487
9494
9496
9497
9499
9503
9509
9510
9513
9514
9516
9521
9522
9523
9531
9534
9535
9539
9540
9541
9544
9547
9549
9552
9554
9555
9560
9561
9564
9573
9577
9578
9581
9582
9583
9586
9588
9589
9591
9592
9593
9595
9597
9599
9605
9607
9611
9616
9621
9623
9625
9626
9629
9634
9637
9639
9641
9642
9645
9647
9651
9657
9659
9660
9661
9662
9664
9667
9671
9672
9673
9674
9675
9677
9683
9684
9685
9686
9691
9692
9694
9695
9697
9699
9700
9701
9702
9705
9706
9707
9708
9709
9710
9711
9713
9717
9720
9724
9731
9733
9740
9743
9744
9748
9751
9752
9753
9755
9758
9763
9765
9766
9772
9775
9780
9782
9784
9790
9791
9793
9794
9796
9797
9798
9801
9802
9806
9807
9810
9811
9812
9814
9816
9820
9821
9822
9824
9826
9827
9828
9832
9833
9836
9837
9838
9841
9852
9857
9858
9861
9864
9868
9876
9877
9879
9880
9881
9882
9883
9885
9886
9887
9889
9890
9891
9892
9895
9896
9900
9907
9909
9910
9913
9914
9918
9924
9925
9927
9929
9932
9936
9937
9938
9941
9942
9948
9949
9950
9956
9958
9962
9964
9965
9966
9972
9977
9978
9979
9981
9988
9989
9990
9992
9996
9998
