7
19
32
42
50
53
105
111
138
138
144
151
207
209
210
216
235
238
240
245
257
274
283
299
300
305
306
310
313
336
345
345
364
378
397
406
419
442
444
446
469
473
496
500
508
516
518
529
534
540
550
551
553
558
564
598
600
612
617
618
619
627
631
639
645
651
664
680
685
713
722
745
751
768
776
789
791
794
797
803
841
843
869
872
876
880
888
891
915
918
926
938
941
945
948
979
984
996
1031
1036
1046
1047
1059
1067
1074
1078
1084
1084
1088
1092
1132
1141
1143
1145
1146
1181
1182
1192
1205
1216
1220
1229
1243
1248
1273
1278
1279
1280
1284
1289
1296
1305
1305
1323
1327
1342
1351
1364
1366
1401
1402
1410
1419
1431
1439
1445
1446
1476
1477
1484
1485
1497
1508
1508
1509
1549
1553
1563
1570
1578
1598
1614
1631
1635
1640
1649
1683
1693
1694
1722
1755
1766
1769
1776
1779
1796
1825
1843
1854
1863
1863
1863
1873
1886
1897
1898
1903
1908
1921
1928
1933
1945
1946
1948
1954
1956
1963
1966
1977
1997
2001
2009
2026
2038
2041
2057
2073
2081
2084
2091
2093
2097
2101
2109
2113
2114
2114
2115
2116
2134
2144
2152
2180
2187
2236
2239
2254
2284
2289
2290
2293
2323
2325
2325
2331
2352
2374
2375
2391
2392
2394
2395
2395
2397
2414
2460
2468
2475
2484
2490
2492
2508
2517
2530
2533
2553
2560
2576
2590
2595
2599
2601
2608
2639
2643
2655
2665
2666
2680
2710
2714
2736
2742
2743
2750
2753
2756
2766
2769
2773
2783
2787
2826
2830
2836
2840
2842
2843
2864
2864
2869
2873
2873
2873
2877
2887
2892
2904
2933
2935
2948
2950
2952
2965
2966
2969
2977
2992
2997
3004
3010
3012
3012
3016
3017
3032
3046
3050
3064
3092
3105
3114
3121
3124
3139
3142
3157
3158
3160
3175
3188
3200
3200
3201
3205
3210
3239
3259
3261
3268
3290
3292
3303
3319
3323
3324
3330
3357
3371
3373
3380
3381
3386
3387
3392
3394
3400
3402
3408
3410
3412
3427
3461
3470
3479
3486
3488
3488
3499
3509
3515
3518
3543
3543
3577
3580
3585
3599
3611
3620
3638
3643
3645
3648
3651
3654
3655
3691
3696
3765
3772
3789
3812
3834
3835
3859
3876
3892
3902
3908
3927
3932
3949
3975
4004
4006
4011
4012
4012
4013
4042
4053
4061
4068
4110
4115
4143
4162
4164
4175
4211
4215
4226
4227
4237
4247
4253
4253
4262
4263
4268
4288
4292
4310
4369
4372
4375
4387
4400
4401
4405
4406
4408
4414
4417
4418
4421
4423
4437
4453
4455
4465
4477
4485
4516
4518
4546
4557
4565
4573
4586
4592
4596
4612
4616
4620
4622
4627
4630
4652
4667
4677
4677
4686
4692
4693
4707
4744
4751
4753
4755
4759
4774
4775
4805
4809
4811
4812
4831
4847
4857
4857
4861
4891
4893
4919
4923
4925
4935
4946
4961
4967
4985
4992
5010
5020
5020
5024
5037
5050
5051
5069
5091
5093
5161
5174
5174
5178
5186
5194
5197
5201
5202
5217
5220
5222
5229
5229
5232
5240
5255
5271
5297
5307
5308
5314
5318
5329
5353
5364
5368
5394
5403
5406
5471
5488
5494
5502
5511
5520
5520
5523
5526
5534
5581
5584
5587
5590
5595
5598
5601
5635
5642
5650
5657
5666
5701
5703
5708
5722
5725
5731
5740
5744
5748
5750
5760
5765
5766
5791
5803
5810
5831
5835
5841
5849
5887
5887
5906
5916
5917
5934
5946
5951
5964
5965
5967
5969
5971
5980
5985
6005
6012
6018
6020
6047
6049
6057
6070
6086
6095
6096
6104
6113
6121
6128
6137
6150
6157
6158
6181
6186
6216
6229
6232
6332
6333
6338
6349
6350
6359
6365
6366
6367
6382
6389
6389
6438
6452
6462
6479
6490
6491
6493
6505
6511
6525
6568
6614
6617
6624
6636
6639
6647
6652
6668
6677
6681
6687
6715
6720
6729
6737
6749
6749
6751
6764
6767
6779
6790
6798
6822
6824
6826
6827
6836
6843
6857
6888
6892
6896
6904
6925
6942
6992
6993
6995
7005
7010
7015
7016
7020
7021
7040
7061
7062
7063
7067
7075
7075
7081
7102
7113
7140
7142
7174
7179
7189
7195
7202
7206
7223
7237
7257
7265
7268
7270
7271
7274
7294
7297
7304
7323
7336
7362
7366
7408
7440
7446
7447
7459
7462
7469
7475
7499
7500
7528
7530
7564
7568
7583
7613
7648
7662
7674
7682
7706
7721
7739
7749
7753
7772
7790
7810
7819
7820
7827
7835
7837
7880
7887
7900
7914
7918
7922
7928
7930
7941
7941
7941
7943
7949
7951
7987
8002
8025
8033
8036
8049
8062
8092
8093
8096
8098
8105
8110
8117
8117
8130
8135
8140
8142
8150
8165
8176
8199
8199
8224
8250
8262
8265
8269
8270
8274
8276
8299
8308
8309
8309
8317
8342
8353
8356
8361
8367
8370
8401
8404
8404
8426
8435
8445
8466
8485
8489
8497
8500
8504
8520
8531
8540
8560
8574
8574
8586
8589
8590
8591
8608
8615
8619
8619
8625
8654
8700
8702
8717
8720
8749
8765
8780
8784
8806
8821
8825
8828
8837
8853
8867
8876
8877
8894
8899
8902
8905
8906
8913
8915
8936
8937
8943
8948
8953
8955
8977
9006
9012
9022
9027
9040
9041
9042
9042
9054
9060
9062
9065
9075
9084
9101
9101
9108
9112
9140
9143
9160
9163
9167
9191
9199
9208
9227
9237
9237
9263
9270
9288
9290
9293
9303
9305
9310
9330
9338
9344
9349
9350
9354
9362
9366
9371
9374
9383
9383
9386
9388
9392
9412
9421
9426
9464
9480
9499
9510
9534
9540
9549
9554
9561
9582
9583
9589
9591
9597
9599
9605
9616
9626
9634
9637
9637
9637
9641
9642
9645
9657
9672
9683
9686
9686
9743
9744
9763
9772
9784
9790
9791
9793
9801
9802
9810
9824
9828
9833
9837
9838
9841
9868
9882
9885
9887
9889
9890
9892
9909
9914
9925
9932
9937
9937
9949
9956
9958
9965
9972
9979
9979
9996
9998
9998
