13
16
20
42
44
45
52
52
58
69
78
82
95
125
127
133
143
154
185
206
215
222
222
227
237
237
239
249
266
267
270
278
280
281
288
294
331
332
333
335
338
356
365
380
384
385
397
401
413
422
436
454
461
472
519
523
534
545
550
555
555
556
567
586
597
610
620
638
671
675
698
739
744
753
756
758
759
764
768
791
793
795
812
815
826
828
839
842
848
848
869
872
903
906
909
914
915
925
926
931
932
936
943
944
957
965
976
977
979
984
985
1005
1011
1044
1077
1087
1103
1122
1125
1125
1126
1127
1131
1138
1141
1155
1156
1160
1171
1182
1188
1216
1228
1245
1253
1259
1264
1297
1300
1309
1312
1334
1337
1339
1341
1341
1362
1372
1380
1382
1392
1393
1395
1425
1430
1439
1446
1448
1451
1460
1492
1493
1494
1514
1516
1537
1540
1550
1555
1575
1577
1579
1582
1583
1585
1614
1617
1619
1626
1634
1645
1653
1654
1657
1712
1730
1741
1744
1747
1751
1752
1757
1774
1779
1791
1803
1808
1834
1841
1853
1876
1880
1883
1890
1898
1901
1901
1914
1920
1925
1928
1930
1935
1936
1949
1959
1969
1970
1974
1977
2014
2015
2023
2040
2049
2062
2063
2097
2102
2105
2123
2137
2141
2157
2191
2197
2223
2248
2276
2281
2305
2310
2321
2325
2326
2337
2341
2345
2357
2362
2384
2415
2421
2430
2436
2440
2454
2459
2463
2481
2482
2487
2494
2494
2505
2509
2510
2518
2519
2527
2536
2541
2542
2552
2553
2556
2566
2569
2570
2571
2592
2614
2624
2627
2661
2661
2687
2689
2690
2708
2715
2729
2737
2738
2744
2752
2754
2759
2771
2810
2813
2819
2821
2823
2827
2831
2894
2903
2925
2946
2973
2974
2976
2976
3006
3015
3026
3027
3052
3052
3055
3063
3069
3084
3084
3086
3087
3107
3118
3167
3187
3196
3198
3210
3240
3241
3261
3270
3278
3285
3292
3307
3308
3311
3328
3343
3346
3350
3357
3359
3370
3404
3407
3418
3422
3426
3437
3447
3459
3466
3473
3473
3505
3514
3516
3516
3525
3527
3531
3538
3552
3554
3562
3584
3584
3595
3598
3622
3647
3650
3681
3681
3685
3702
3720
3769
3772
3777
3788
3792
3795
3801
3803
3804
3807
3820
3837
3848
3868
3876
3878
3878
3891
3894
3903
3905
3906
3927
3934
3936
3937
3939
3941
3949
3953
3955
3956
3962
3962
3979
4018
4037
4037
4059
4074
4075
4096
4111
4115
4116
4126
4137
4145
4151
4163
4175
4187
4194
4213
4213
4223
4224
4224
4237
4237
4246
4261
4272
4275
4278
4288
4321
4349
4352
4373
4386
4393
4410
4424
4425
4432
4442
4444
4445
4447
4460
4465
4492
4496
4512
4512
4514
4522
4522
4524
4528
4537
4540
4576
4585
4585
4591
4593
4636
4644
4651
4682
4693
4700
4720
4730
4738
4748
4749
4754
4766
4771
4775
4784
4801
4802
4812
4835
4844
4877
4890
4908
4909
4952
4953
4958
4964
4970
4978
4981
4992
4994
4994
4994
4995
4997
5001
5005
5022
5036
5055
5067
5067
5072
5075
5076
5078
5092
5153
5162
5192
5207
5217
5230
5231
5233
5236
5245
5255
5257
5273
5297
5303
5320
5340
5340
5342
5357
5373
5383
5387
5405
5406
5449
5462
5478
5487
5491
5503
5507
5514
5523
5531
5537
5539
5542
5542
5551
5563
5563
5571
5575
5583
5594
5612
5615
5621
5622
5643
5645
5645
5654
5677
5688
5696
5709
5726
5744
5758
5760
5800
5802
5803
5824
5833
5834
5837
5844
5853
5863
5867
5873
5887
5906
5913
5930
5949
5961
5968
5981
5987
5987
5991
5996
6005
6007
6020
6022
6042
6046
6068
6072
6074
6078
6083
6092
6113
6122
6126
6155
6155
6167
6170
6194
6194
6196
6212
6243
6246
6252
6302
6313
6324
6340
6365
6381
6401
6411
6415
6442
6457
6468
6475
6475
6477
6483
6488
6493
6497
6498
6518
6520
6532
6541
6547
6553
6563
6568
6596
6619
6646
6691
6695
6706
6715
6720
6733
6747
6759
6776
6793
6806
6816
6835
6917
6943
6947
6960
6961
6964
6972
6996
7002
7005
7047
7054
7054
7056
7078
7081
7086
7089
7091
7096
7114
7127
7150
7154
7172
7176
7177
7179
7180
7182
7186
7187
7192
7203
7213
7213
7215
7250
7253
7260
7263
7264
7280
7296
7309
7309
7320
7328
7356
7362
7385
7391
7393
7407
7411
7420
7422
7426
7428
7442
7445
7451
7451
7469
7487
7488
7492
7509
7511
7513
7516
7522
7531
7532
7539
7542
7547
7558
7560
7582
7596
7603
7606
7628
7657
7658
7663
7676
7688
7691
7692
7695
7701
7705
7714
7727
7730
7763
7763
7768
7771
7776
7786
7796
7801
7802
7841
7860
7888
7904
7907
7915
7919
7926
7939
7947
7947
7953
7960
7961
7974
7979
7992
7994
8003
8005
8033
8044
8052
8062
8066
8070
8071
8073
8079
8083
8084
8085
8108
8113
8123
8125
8129
8143
8152
8153
8158
8174
8178
8199
8217
8223
8258
8258
8261
8272
8297
8313
8318
8319
8323
8334
8363
8374
8398
8402
8413
8417
8421
8454
8457
8486
8494
8514
8540
8550
8558
8583
8598
8636
8665
8674
8678
8679
8685
8688
8696
8697
8728
8728
8736
8744
8758
8777
8777
8784
8787
8789
8800
8803
8809
8811
8815
8828
8833
8835
8838
8839
8841
8848
8852
8858
8863
8869
8876
8888
8896
8902
8905
8905
8919
8920
8935
8947
8953
8961
8970
8979
8991
9005
9006
9015
9020
9037
9041
9057
9057
9061
9086
9101
9107
9111
9116
9121
9133
9155
9156
9166
9178
9188
9189
9207
9212
9213
9218
9233
9238
9275
9292
9319
9329
9332
9333
9336
9354
9391
9397
9417
9418
9423
9440
9455
9460
9468
9474
9477
9487
9503
9510
9564
9573
9582
9586
9597
9616
9639
9641
9671
9674
9706
9707
9709
9724
9731
9766
9798
9807
9810
9812
9821
9822
9826
9881
9914
9918
9936
9948
9979
9981
9989
9990
