11
25
28
32
37
52
61
64
78
88
91
98
99
104
120
132
134
170
172
191
195
228
266
274
288
292
321
324
338
342
370
403
404
406
411
413
416
434
448
458
480
488
494
496
500
506
508
544
545
569
572
579
591
608
610
619
631
658
659
669
708
727
727
765
783
830
832
834
842
850
855
866
877
886
919
920
922
932
936
952
953
954
956
957
973
976
981
981
1005
1007
1010
1010
1030
1045
1051
1058
1065
1069
1071
1076
1078
1083
1098
1101
1104
1136
1139
1148
1161
1166
1169
1188
1206
1219
1230
1234
1247
1273
1294
1294
1301
1327
1331
1353
1372
1373
1375
1381
1392
1402
1405
1406
1426
1440
1443
1446
1449
1461
1471
1485
1511
1512
1521
1524
1529
1532
1540
1540
1543
1557
1561
1567
1574
1599
1607
1614
1678
1715
1720
1740
1744
1751
1770
1772
1777
1787
1795
1796
1796
1829
1829
1848
1881
1881
1889
1907
1916
1922
1941
1959
1965
1982
1990
2032
2033
2037
2050
2055
2061
2073
2076
2085
2086
2086
2089
2106
2120
2155
2165
2166
2175
2180
2183
2191
2202
2232
2252
2259
2262
2268
2280
2283
2285
2298
2302
2312
2326
2340
2399
2411
2420
2440
2457
2457
2467
2468
2471
2472
2478
2481
2492
2493
2495
2550
2588
2593
2594
2595
2601
2625
2642
2644
2645
2647
2649
2692
2697
2705
2714
2718
2732
2736
2748
2751
2757
2758
2783
2785
2791
2796
2798
2814
2817
2819
2825
2828
2851
2867
2873
2875
2891
2897
2908
2916
2922
2925
2935
2949
2951
2958
2965
2967
2979
2984
3007
3030
3036
3042
3075
3092
3103
3106
3119
3143
3146
3161
3175
3180
3186
3193
3196
3217
3218
3233
3239
3242
3248
3252
3267
3267
3268
3270
3288
3292
3302
3327
3333
3337
3342
3347
3349
3350
3373
3380
3392
3401
3407
3416
3419
3428
3461
3470
3478
3478
3483
3488
3495
3498
3499
3501
3514
3539
3563
3566
3576
3626
3662
3662
3681
3694
3698
3712
3728
3730
3731
3734
3738
3741
3755
3769
3792
3800
3801
3806
3837
3853
3857
3866
3868
3871
3871
3875
3883
3888
3893
3896
3900
3915
3919
3973
3984
3996
3998
4003
4004
4006
4010
4016
4021
4045
4054
4060
4064
4072
4089
4090
4096
4100
4103
4105
4154
4155
4157
4167
4175
4178
4183
4189
4234
4241
4269
4269
4278
4281
4290
4293
4302
4308
4311
4317
4335
4335
4338
4339
4348
4353
4355
4356
4364
4376
4387
4414
4428
4430
4446
4447
4463
4474
4475
4477
4484
4487
4501
4538
4566
4570
4576
4582
4587
4589
4627
4631
4632
4636
4643
4659
4678
4691
4704
4710
4729
4751
4767
4777
4786
4792
4794
4800
4803
4803
4818
4820
4825
4850
4851
4853
4904
4908
4918
4924
4933
4951
4951
4954
4962
4963
4965
4968
4968
4970
4980
5001
5008
5011
5030
5034
5037
5038
5051
5055
5060
5064
5072
5085
5095
5100
5111
5123
5123
5130
5133
5135
5138
5175
5180
5183
5199
5227
5246
5249
5266
5271
5317
5332
5339
5359
5369
5375
5383
5398
5427
5431
5441
5443
5447
5454
5457
5475
5489
5511
5526
5528
5536
5540
5549
5566
5588
5595
5611
5617
5619
5638
5675
5697
5704
5705
5709
5724
5734
5738
5747
5750
5757
5771
5780
5781
5791
5791
5805
5820
5822
5823
5837
5839
5840
5847
5849
5863
5873
5908
5919
5921
5929
5938
5966
5983
5993
6014
6044
6052
6055
6056
6066
6077
6079
6086
6090
6091
6094
6096
6099
6107
6115
6116
6122
6125
6126
6163
6176
6179
6204
6212
6214
6221
6225
6240
6270
6272
6286
6296
6309
6338
6369
6373
6386
6386
6388
6391
6415
6426
6444
6446
6467
6493
6496
6497
6508
6523
6529
6532
6556
6578
6579
6592
6615
6617
6628
6652
6654
6674
6693
6702
6702
6705
6717
6739
6748
6753
6756
6757
6762
6780
6780
6781
6792
6801
6840
6841
6860
6862
6864
6877
6890
6898
6902
6907
6908
6912
6916
6930
6936
6938
6972
6973
6974
6978
6984
6993
6998
7008
7013
7017
7024
7028
7032
7060
7067
7079
7097
7109
7112
7124
7124
7126
7140
7141
7145
7146
7156
7157
7173
7190
7210
7214
7218
7219
7241
7251
7254
7261
7283
7285
7295
7299
7321
7369
7372
7383
7385
7394
7394
7410
7414
7415
7429
7436
7445
7466
7476
7491
7494
7508
7509
7545
7566
7616
7619
7620
7634
7636
7650
7658
7659
7660
7671
7672
7677
7686
7700
7717
7720
7722
7728
7732
7735
7739
7741
7749
7751
7762
7767
7774
7778
7784
7786
7802
7806
7808
7831
7833
7839
7843
7853
7857
7867
7885
7935
7950
7954
7957
7958
7975
7981
8006
8011
8016
8027
8028
8028
8029
8031
8056
8085
8109
8135
8149
8160
8166
8178
8179
8181
8207
8231
8250
8256
8258
8259
8271
8276
8284
8288
8289
8301
8303
8305
8311
8315
8328
8330
8334
8343
8349
8351
8354
8365
8367
8374
8387
8408
8412
8433
8439
8441
8454
8471
8474
8477
8485
8496
8513
8539
8544
8561
8582
8602
8607
8616
8621
8623
8625
8627
8661
8667
8669
8680
8689
8696
8697
8704
8705
8724
8725
8773
8815
8828
8842
8844
8865
8903
8904
8905
8906
8921
8921
8940
8952
8968
8971
8973
8983
8986
8996
9010
9010
9012
9018
9020
9027
9031
9033
9053
9066
9070
9081
9094
9102
9109
9141
9146
9156
9160
9163
9169
9191
9195
9196
9200
9201
9205
9240
9241
9249
9249
9251
9261
9272
9284
9289
9304
9314
9319
9325
9339
9339
9340
9344
9352
9361
9362
9375
9398
9404
9407
9411
9431
9496
9499
9516
9531
9534
9547
9549
9555
9561
9578
9591
9595
9607
9611
9621
9625
9626
9639
9647
9677
9685
9691
9691
9695
9700
9705
9708
9713
9733
9748
9752
9755
9780
9811
9820
9824
9832
9858
9861
9864
9877
9885
9886
9892
9907
9910
9924
9924
9929
9950
9962
9966
9977
9978
9988
