3
19
38
44
48
61
69
107
112
114
125
138
138
171
184
199
210
211
219
222
311
313
315
316
316
316
325
328
353
359
359
380
388
390
403
407
408
447
465
474
485
491
494
548
550
550
554
559
584
586
587
590
594
602
621
669
688
706
721
728
732
736
739
748
753
755
770
773
780
807
809
810
818
820
822
832
844
855
871
877
889
900
913
924
936
941
961
967
983
994
1000
1000
1008
1016
1019
1022
1024
1027
1032
1037
1039
1052
1055
1059
1070
1073
1089
1092
1097
1102
1111
1132
1134
1144
1153
1156
1160
1163
1168
1187
1190
1190
1197
1200
1217
1238
1238
1277
1279
1284
1294
1294
1299
1303
1324
1352
1353
1362
1385
1389
1397
1415
1415
1419
1422
1424
1424
1428
1453
1454
1488
1490
1493
1498
1507
1507
1516
1545
1553
1554
1561
1564
1569
1575
1581
1582
1599
1601
1624
1624
1627
1640
1647
1660
1681
1681
1701
1710
1716
1719
1720
1720
1722
1728
1745
1759
1762
1768
1790
1796
1816
1823
1828
1830
1835
1845
1848
1849
1852
1854
1858
1865
1869
1871
1879
1892
1892
1899
1919
1933
1935
1943
1944
1961
1967
1968
1976
1983
1995
2005
2006
2007
2018
2045
2061
2064
2102
2128
2129
2130
2133
2137
2164
2182
2183
2187
2193
2203
2211
2225
2227
2238
2241
2247
2248
2287
2290
2295
2303
2307
2319
2334
2340
2351
2362
2375
2386
2403
2411
2433
2435
2440
2443
2445
2456
2479
2491
2495
2500
2512
2516
2518
2522
2529
2529
2531
2534
2548
2551
2553
2570
2577
2583
2593
2607
2616
2624
2681
2689
2694
2700
2702
2705
2706
2718
2725
2731
2742
2752
2765
2769
2783
2810
2827
2846
2859
2861
2863
2872
2880
2886
2890
2890
2919
2920
2922
2929
2936
2941
2945
2950
2954
2954
2957
2977
2979
2994
3001
3012
3021
3028
3030
3031
3038
3043
3050
3057
3103
3108
3113
3117
3124
3135
3142
3191
3193
3198
3204
3205
3211
3249
3256
3262
3269
3271
3276
3294
3302
3308
3333
3342
3351
3369
3371
3384
3392
3414
3417
3424
3433
3435
3445
3447
3457
3459
3473
3493
3496
3513
3520
3522
3526
3532
3546
3554
3568
3569
3595
3619
3628
3635
3637
3654
3657
3657
3660
3664
3666
3669
3676
3680
3691
3705
3712
3719
3735
3751
3768
3803
3809
3811
3816
3833
3843
3852
3883
3888
3923
3932
3942
3951
3953
3992
3993
3997
4015
4045
4063
4075
4096
4104
4111
4117
4129
4137
4137
4154
4159
4165
4166
4189
4192
4200
4212
4260
4262
4263
4289
4301
4329
4331
4332
4346
4349
4374
4381
4382
4393
4397
4400
4401
4410
4417
4417
4429
4435
4443
4460
4469
4482
4496
4499
4501
4521
4528
4530
4539
4545
4551
4552
4563
4580
4592
4615
4617
4617
4633
4637
4658
4667
4688
4694
4700
4713
4714
4722
4724
4731
4734
4736
4738
4753
4753
4759
4784
4794
4796
4796
4797
4799
4800
4818
4820
4822
4831
4834
4853
4853
4854
4866
4874
4876
4896
4906
4912
4922
4941
4972
5003
5017
5023
5027
5049
5051
5066
5072
5090
5114
5116
5156
5162
5177
5207
5213
5225
5234
5247
5256
5289
5299
5300
5306
5316
5359
5372
5377
5381
5396
5397
5403
5404
5410
5418
5425
5433
5437
5443
5462
5465
5484
5501
5507
5513
5531
5533
5534
5536
5541
5557
5557
5563
5575
5576
5579
5585
5585
5586
5589
5596
5599
5603
5653
5654
5665
5685
5688
5692
5693
5693
5704
5712
5715
5722
5724
5732
5756
5762
5765
5769
5793
5807
5819
5829
5851
5852
5862
5876
5885
5890
5895
5906
5913
5914
5916
5937
5939
5981
6021
6022
6023
6024
6034
6036
6046
6079
6098
6109
6112
6134
6169
6174
6182
6183
6188
6217
6231
6265
6281
6286
6301
6303
6318
6334
6338
6350
6377
6383
6389
6400
6445
6454
6461
6471
6487
6507
6507
6508
6508
6518
6534
6543
6558
6567
6574
6592
6597
6615
6617
6647
6663
6664
6670
6707
6720
6735
6736
6743
6745
6757
6760
6776
6787
6789
6791
6796
6797
6806
6813
6821
6821
6822
6822
6851
6859
6862
6864
6886
6890
6895
6923
6928
6931
6945
6949
6955
6967
6970
6970
6998
7027
7034
7043
7049
7053
7063
7066
7078
7078
7089
7097
7108
7119
7119
7134
7144
7177
7195
7221
7268
7281
7298
7310
7336
7347
7355
7370
7381
7390
7390
7454
7457
7457
7496
7505
7505
7507
7508
7536
7555
7565
7570
7593
7595
7623
7625
7644
7661
7663
7663
7684
7685
7692
7697
7702
7709
7718
7737
7753
7780
7786
7790
7790
7794
7799
7837
7838
7839
7840
7865
7866
7873
7876
7880
7886
7891
7902
7913
7933
7947
7956
7981
7983
7984
7988
7991
8004
8021
8024
8024
8025
8026
8027
8042
8086
8093
8094
8098
8100
8123
8137
8147
8160
8176
8193
8197
8220
8227
8228
8230
8232
8242
8248
8256
8256
8262
8273
8282
8294
8296
8327
8327
8336
8349
8351
8357
8359
8365
8382
8402
8406
8408
8413
8422
8435
8435
8438
8440
8442
8457
8485
8489
8498
8514
8517
8531
8537
8543
8570
8583
8588
8597
8600
8601
8601
8641
8664
8698
8709
8716
8716
8736
8753
8756
8758
8762
8765
8774
8776
8782
8796
8798
8806
8810
8811
8813
8822
8829
8833
8840
8855
8859
8862
8863
8881
8911
8918
8921
8938
8946
8951
8952
8959
8967
8977
8979
8982
8985
8999
9003
9045
9052
9054
9107
9117
9127
9132
9161
9191
9197
9197
9199
9210
9249
9262
9272
9277
9278
9286
9320
9322
9327
9353
9371
9385
9408
9425
9433
9441
9441
9442
9452
9453
9513
9514
9516
9521
9522
9544
9549
9552
9560
9564
9588
9592
9623
9651
9659
9661
9664
9672
9692
9699
9702
9720
9751
9753
9758
9765
9766
9775
9794
9796
9798
9806
9814
9827
9833
9852
9868
9879
9880
9880
9890
9896
9907
9927
9932
9964
9992
9992
