21
23
57
71
83
90
98
104
104
116
132
134
134
139
153
156
175
184
186
187
203
212
214
215
227
240
284
286
288
294
303
306
313
328
349
360
371
374
390
395
399
412
440
440
445
451
456
458
463
466
470
474
475
494
494
502
535
544
565
577
592
615
642
647
650
672
703
707
718
727
733
751
759
762
765
766
778
784
788
798
807
809
817
821
822
833
840
851
860
895
913
914
915
922
927
939
956
962
983
983
984
988
989
993
1009
1014
1017
1020
1048
1057
1060
1061
1069
1125
1137
1142
1181
1190
1191
1195
1196
1200
1219
1222
1238
1244
1264
1271
1271
1281
1284
1285
1305
1317
1334
1340
1352
1368
1373
1375
1381
1390
1393
1396
1401
1404
1438
1464
1466
1469
1472
1476
1498
1504
1508
1535
1555
1559
1566
1571
1573
1595
1601
1602
1612
1618
1639
1651
1670
1671
1675
1681
1683
1690
1692
1696
1697
1701
1704
1745
1752
1760
1771
1773
1780
1831
1849
1864
1869
1871
1873
1879
1889
1899
1902
1921
1926
1933
1940
1945
1946
1957
1989
2001
2003
2017
2050
2055
2058
2063
2081
2094
2096
2106
2112
2117
2126
2132
2133
2151
2164
2176
2182
2188
2189
2192
2213
2214
2227
2233
2243
2249
2265
2268
2275
2282
2288
2291
2292
2296
2315
2317
2329
2338
2345
2366
2372
2378
2394
2394
2433
2458
2463
2465
2476
2488
2497
2499
2514
2516
2519
2527
2546
2550
2555
2565
2579
2581
2582
2630
2631
2638
2681
2691
2711
2728
2728
2745
2780
2791
2800
2813
2814
2822
2860
2867
2874
2899
2910
2915
2920
2924
2933
2937
2955
2979
2999
3009
3014
3032
3044
3044
3045
3056
3061
3066
3102
3106
3119
3121
3123
3125
3125
3137
3151
3166
3193
3197
3207
3218
3220
3223
3243
3248
3262
3280
3282
3285
3289
3301
3301
3308
3322
3332
3336
3337
3343
3364
3365
3373
3382
3387
3393
3401
3403
3433
3447
3460
3460
3460
3482
3490
3491
3498
3517
3547
3551
3559
3563
3573
3578
3579
3594
3600
3615
3622
3629
3641
3643
3663
3664
3673
3674
3697
3697
3699
3717
3727
3736
3775
3787
3797
3814
3814
3828
3831
3848
3866
3895
3904
3904
3923
3932
3955
3958
3961
3966
3973
3976
3979
4003
4010
4013
4052
4068
4077
4078
4085
4100
4105
4109
4115
4135
4135
4140
4143
4153
4168
4175
4186
4210
4211
4221
4231
4235
4261
4273
4286
4305
4309
4354
4370
4402
4416
4442
4452
4458
4464
4472
4490
4493
4502
4508
4523
4526
4537
4548
4559
4560
4573
4586
4590
4591
4596
4598
4605
4610
4617
4635
4658
4661
4662
4675
4681
4691
4696
4713
4720
4725
4730
4730
4734
4750
4753
4759
4822
4827
4830
4840
4849
4849
4856
4858
4869
4880
4881
4915
4946
4969
4972
4987
5006
5010
5012
5016
5031
5043
5060
5065
5069
5079
5089
5098
5098
5106
5127
5127
5129
5133
5135
5153
5154
5157
5162
5176
5181
5210
5220
5224
5226
5229
5233
5238
5240
5252
5253
5265
5282
5290
5296
5305
5315
5337
5344
5363
5365
5384
5387
5389
5394
5404
5407
5420
5420
5425
5428
5438
5440
5441
5462
5463
5471
5477
5487
5510
5568
5571
5575
5590
5597
5605
5613
5631
5641
5641
5642
5652
5660
5672
5676
5681
5695
5707
5711
5724
5727
5755
5755
5761
5763
5765
5766
5776
5783
5798
5802
5824
5825
5833
5841
5843
5847
5850
5884
5924
5924
5942
5968
5976
6009
6010
6014
6035
6041
6042
6048
6063
6067
6081
6100
6101
6108
6112
6114
6121
6130
6149
6168
6181
6191
6203
6215
6234
6242
6245
6281
6284
6297
6297
6299
6320
6348
6352
6359
6369
6373
6376
6393
6406
6409
6418
6422
6425
6443
6450
6459
6463
6474
6489
6501
6509
6510
6514
6550
6602
6605
6605
6623
6640
6663
6676
6687
6688
6696
6700
6711
6719
6736
6745
6749
6750
6786
6787
6821
6823
6836
6840
6853
6866
6868
6883
6891
6893
6893
6897
6898
6923
6942
6944
6946
6957
6957
6961
6963
6964
6977
6988
6996
7011
7053
7061
7076
7079
7080
7085
7106
7107
7144
7147
7161
7163
7176
7187
7203
7223
7262
7281
7282
7282
7289
7291
7297
7301
7325
7327
7344
7345
7362
7381
7383
7397
7406
7412
7426
7446
7458
7471
7479
7521
7538
7546
7591
7595
7600
7608
7613
7617
7623
7652
7653
7654
7656
7656
7671
7707
7723
7728
7732
7739
7740
7741
7745
7772
7773
7797
7824
7840
7846
7849
7849
7860
7861
7861
7864
7870
7879
7887
7894
7895
7904
7920
7924
7928
7945
7946
7950
7956
7957
7958
7964
7968
7970
7998
8022
8026
8031
8037
8039
8067
8067
8071
8071
8079
8082
8132
8149
8153
8168
8189
8190
8193
8195
8199
8211
8218
8220
8224
8232
8233
8242
8259
8263
8278
8279
8291
8301
8314
8319
8321
8326
8332
8333
8348
8367
8377
8377
8382
8387
8390
8395
8397
8410
8411
8415
8417
8418
8428
8440
8475
8477
8502
8512
8543
8546
8552
8552
8567
8567
8569
8589
8598
8607
8609
8612
8619
8630
8640
8655
8681
8691
8696
8698
8718
8720
8752
8776
8806
8826
8834
8852
8853
8863
8873
8881
8894
8901
8906
8916
8924
8941
8944
8968
8972
8986
9001
9003
9044
9050
9054
9083
9086
9093
9095
9106
9108
9112
9114
9121
9128
9137
9154
9168
9173
9178
9211
9252
9254
9254
9272
9276
9278
9285
9291
9299
9305
9314
9315
9321
9328
9333
9335
9338
9355
9357
9383
9389
9393
9398
9403
9404
9406
9411
9430
9434
9452
9455
9455
9466
9470
9479
9483
9494
9494
9497
9509
9522
9523
9535
9539
9541
9577
9581
9593
9593
9599
9607
9629
9657
9660
9662
9667
9673
9675
9684
9694
9697
9701
9710
9711
9717
9740
9743
9780
9782
9797
9810
9816
9836
9857
9876
9883
9891
9895
9895
9900
9913
9938
9941
9942
9998
